[[-3.70671, -0.00069, 1.34807, 0.13673],
[-3.74957, -0.17901, 1.36162, 0.13469],
[-3.76502, -0.36347, 1.37685, 0.13444],
[-3.75216, -0.55237, 1.3971, 0.13552],
[-3.70951, -0.74374, 1.41944, 0.13813],
[-3.63487, -0.935, 1.43914, 0.14265],
[-3.52554, -1.12231, 1.45783, 0.14877],
[-3.37913, -1.29984, 1.47291, 0.15623],
[-3.19534, -1.45904, 1.48626, 0.1636],
[-2.97798, -1.58974, 2.09096, 0.1213],
[-2.74543, -1.70255, 2.48565, 0.10398],
[-2.50243, -1.8016, 3.21395, 0.08165],
[-2.25325, -1.89197, 3.50497, 0.07562],
[-1.98987, -1.98346, 2.97102, 0.09384],
[-1.72714, -2.07653, 2.62301, 0.10627],
[-1.46471, -2.17036, 2.37176, 0.11751],
[-1.20251, -2.26186, 2.17746, 0.12753],
[-0.94016, -2.34729, 1.93638, 0.14249],
[-0.67721, -2.42304, 1.93638, 0.14131],
[-0.41349, -2.48569, 1.93638, 0.13998],
[-0.14904, -2.53195, 1.93638, 0.13864],
[0.1158, -2.55861, 1.93638, 0.13746],
[0.38035, -2.56246, 1.93638, 0.13663],
[0.64322, -2.53782, 1.99091, 0.13261],
[0.90303, -2.48631, 2.04301, 0.12965],
[1.15858, -2.40911, 2.09285, 0.12756],
[1.40868, -2.30709, 2.15179, 0.12553],
[1.65216, -2.18114, 2.21669, 0.12367],
[1.88784, -2.0322, 2.28965, 0.12177],
[2.11454, -1.86134, 2.38048, 0.11925],
[2.33119, -1.67006, 2.48103, 0.11648],
[2.53678, -1.46013, 2.60365, 0.11286],
[2.7306, -1.23375, 2.61287, 0.11405],
[2.91216, -0.99345, 2.33788, 0.12883],
[3.08125, -0.74181, 2.13158, 0.14223],
[3.23809, -0.48136, 1.96969, 0.15435],
[3.38341, -0.21415, 1.8377, 0.16552],
[3.51457, 0.05962, 1.7272, 0.17576],
[3.62575, 0.33881, 1.63152, 0.18419],
[3.71147, 0.62031, 1.54501, 0.19046],
[3.76762, 0.9005, 1.39359, 0.20506],
[3.79156, 1.17572, 1.39359, 0.19823],
[3.78181, 1.44244, 1.39359, 0.19152],
[3.73766, 1.69728, 1.39359, 0.18559],
[3.65866, 1.93674, 1.39359, 0.18094],
[3.54431, 2.15674, 1.39359, 0.17792],
[3.39063, 2.34894, 1.43575, 0.17139],
[3.20392, 2.51037, 1.47471, 0.16737],
[2.98981, 2.63811, 1.52018, 0.16401],
[2.75425, 2.72983, 1.56612, 0.16141],
[2.50334, 2.78384, 1.62769, 0.15768],
[2.24332, 2.80008, 1.69706, 0.15351],
[1.97986, 2.77967, 1.78087, 0.14838],
[1.7177, 2.72491, 1.8851, 0.14207],
[1.46042, 2.63904, 2.01341, 0.13471],
[1.21037, 2.52577, 2.17593, 0.12616],
[0.96872, 2.38911, 2.38785, 0.11626],
[0.73562, 2.23314, 1.98612, 0.14122],
[0.51046, 2.06177, 1.72064, 0.16445],
[0.29193, 1.87895, 1.72064, 0.16559],
[0.09152, 1.70065, 1.72064, 0.15589],
[-0.11327, 1.53096, 1.72064, 0.15457],
[-0.3263, 1.37778, 1.72064, 0.15249],
[-0.55076, 1.24863, 1.72064, 0.15051],
[-0.78913, 1.1511, 1.97018, 0.13072],
[-1.03737, 1.07798, 2.1994, 0.11766],
[-1.29333, 1.02501, 2.05504, 0.12719],
[-1.55506, 0.98783, 1.79833, 0.147],
[-1.82072, 0.96175, 1.61645, 0.16514],
[-2.08849, 0.9417, 1.47579, 0.18195],
[-2.3512, 0.91172, 1.3, 0.2034],
[-2.60313, 0.86596, 1.3, 0.19696],
[-2.83928, 0.80044, 1.3, 0.18852],
[-3.05488, 0.71337, 1.3, 0.17886],
[-3.24578, 0.60497, 1.3, 0.16887],
[-3.40863, 0.47684, 1.3, 0.1594],
[-3.53778, 0.32997, 1.31786, 0.14841],
[-3.63645, 0.16971, 1.33284, 0.1412]]